0.135

0.881

0.997

0.826

0.206

0.865

0.217

0.565

0.876

0.385

0.293

0.810

0.755

0.674

0.391

0.477

0.023

0.791

0.088

0.586

0.702

0.284

0.462

0.993

0.984

0.205

0.863

0.690

0.056

0.137

0.491

0.060

0.128

0.274

0.022

0.018

0.062

0.949

0.087

0.071

0.449

0.570

0.377

0.486

0.671

0.375

0.450

0.765

0.293

0.551

0.688

0.999

0.994

0.998

0.200

0.586

0.523

0.133

0.357

0.419

0.843

0.503

0.538

0.616

0.016

0.052

0.313

0.003

0.125

0.107

0.190

0.754

0.766

0.845

0.489

0.981

0.401

0.251

0.526

0.689

0.173

0.868

0.181

0.027

0.233

0.288

0.621

0.207

0.097

0.333

0.032

0.368

0.900

0.937

0.403

0.286

0.899

0.431

0.271

0.695

The x value part is starting
0.029
0.426
1.162
0.350
0.046
0.400
0.049
0.166
0.417
0.097
0.069
0.332
0.281
0.224
0.099
0.130
0.005
0.313
0.018
0.176
0.242
0.067
0.124
0.992
0.827
0.046
0.398
0.234
0.012
0.029
0.135
0.012
0.027
0.064
0.004
0.004
0.013
0.595
0.018
0.015
0.119
0.169
0.095
0.133
0.222
0.094
0.120
0.290
0.069
0.160
0.233
1.382
1.023
1.243
0.045
0.176
0.148
0.029
0.088
0.109
0.370
0.140
0.154
0.191
0.003
0.011
0.075
0.001
0.027
0.023
0.042
0.280
0.290
0.373
0.134
0.793
0.102
0.058
0.149
0.234
0.038
0.405
0.040
0.005
0.053
0.068
0.194
0.046
0.020
0.081
0.007
0.092
0.461
0.553
0.103
0.067
0.459
0.113
0.063
0.237



2nd set


0.135

0.881

0.997

0.826

0.206

0.865

0.217

0.565

0.876

0.385

0.293

0.810

0.755

0.674

0.391

0.477

0.023

0.791

0.088

0.586

0.702

0.284

0.462

0.993

0.984

0.205

0.863

0.690

0.056

0.137

0.491

0.060

0.128

0.274

0.022

0.018

0.062

0.949

0.087

0.071

0.449

0.570

0.377

0.486

0.671

0.375

0.450

0.765

0.293

0.551

0.688

0.999

0.994

0.998

0.200

0.586

0.523

0.133

0.357

0.419

0.843

0.503

0.538

0.616

0.016

0.052

0.313

0.003

0.125

0.107

0.190

0.754

0.766

0.845

0.489

0.981

0.401

0.251

0.526

0.689

0.173

0.868

0.181

0.027

0.233

0.288

0.621

0.207

0.097

0.333

0.032

0.368

0.900

0.937

0.403

0.286

0.899

0.431

0.271

0.695

The x value part is starting
0.029
0.426
1.162
0.350
0.046
0.400
0.049
0.166
0.417
0.097
0.069
0.332
0.281
0.224
0.099
0.130
0.005
0.313
0.018
0.176
0.242
0.067
0.124
0.992
0.827
0.046
0.398
0.234
0.012
0.029
0.135
0.012
0.027
0.064
0.004
0.004
0.013
0.595
0.018
0.015
0.119
0.169
0.095
0.133
0.222
0.094
0.120
0.290
0.069
0.160
0.233
1.382
1.023
1.243
0.045
0.176
0.148
0.029
0.088
0.109
0.370
0.140
0.154
0.191
0.003
0.011
0.075
0.001
0.027
0.023
0.042
0.280
0.290
0.373
0.134
0.793
0.102
0.058
0.149
0.234
0.038
0.405
0.040
0.005
0.053
0.068
0.194
0.046
0.020
0.081
0.007
0.092
0.461
0.553
0.103
0.067
0.459
0.113
0.063
0.237



3rd set       



0.316

0.443

0.767

0.882

0.920

0.442

0.268

0.849

0.687

0.145

0.845

0.475

0.282

0.483

0.246

0.384

0.747

0.566

0.632

0.174

0.496

0.243

0.872

0.479

0.720

0.039

0.855

0.783

0.011

0.584

0.480

0.510

0.213

0.577

0.627

0.012

0.461

0.189

0.203

0.762

0.354

0.062

0.429

0.823

0.198

0.420

0.410

0.201

0.735

0.410

0.517

0.340

0.701

0.542

0.226

0.823

0.903

0.467

0.568

0.862

0.623

0.389

0.100

0.453

0.080

0.074

0.035

0.647

0.559

0.166

0.381

0.559

0.718

0.128

0.146

0.267

0.153

0.997

0.990

0.498

0.485

0.818

0.780

0.535

0.285

0.212

0.899

0.982

0.586

0.941

0.725

0.503

0.558

0.293

0.108

0.227

0.293

0.099

0.943

0.660

The x value part is starting
0.076
0.117
0.291
0.427
0.505
0.117
0.062
0.378
0.232
0.031
0.373
0.129
0.066
0.132
0.056
0.097
0.275
0.167
0.200
0.038
0.137
0.056
0.411
0.130
0.255
0.008
0.386
0.306
0.002
0.175
0.131
0.143
0.048
0.172
0.197
0.002
0.124
0.042
0.045
0.287
0.087
0.013
0.112
0.346
0.044
0.109
0.106
0.045
0.266
0.106
0.146
0.083
0.241
0.156
0.051
0.346
0.467
0.126
0.168
0.396
0.195
0.099
0.021
0.121
0.017
0.015
0.007
0.208
0.164
0.036
0.096
0.164
0.253
0.027
0.032
0.062
0.033
1.162
0.921
0.138
0.133
0.341
0.303
0.153
0.067
0.048
0.459
0.803
0.176
0.566
0.258
0.140
0.163
0.069
0.023
0.051
0.069
0.021
0.573
0.216